POLYGON(( 248.000000 210.000000,226.000000 219.000000,211.000000 231.000000,157.000000 241.000000,177.000000 276.000000,191.000000 313.000000,200.000000 316.000000,246.000000 293.000000,259.000000 293.000000,264.000000 285.000000,278.000000 288.000000,314.000000 300.000000,341.000000 286.000000,335.000000 259.000000,340.000000 240.000000,302.000000 231.000000,298.000000 224.000000,283.000000 226.000000,248.000000 210.000000))
POLYGON(( 248.000000 210.000000,233.000000 219.000000,215.000000 224.000000,204.000000 229.000000,158.000000 240.000000,176.000000 276.000000,188.000000 311.000000,218.000000 311.000000,266.000000 282.000000,305.000000 296.000000,342.000000 282.000000,337.000000 258.000000,340.000000 237.000000,306.000000 230.000000,292.000000 219.000000,280.000000 226.000000,260.000000 217.000000,248.000000 210.000000))
POLYGON(( 247.000000 213.000000,235.000000 218.000000,219.000000 219.000000,211.000000 229.000000,158.000000 237.000000,179.000000 285.000000,186.000000 310.000000,251.000000 294.000000,264.000000 284.000000,287.000000 288.000000,330.000000 294.000000,342.000000 280.000000,338.000000 255.000000,340.000000 234.000000,306.000000 228.000000,298.000000 221.000000,287.000000 221.000000,281.000000 224.000000,247.000000 213.000000))
POLYGON(( 251.000000 211.000000,236.000000 218.000000,223.000000 218.000000,212.000000 228.000000,157.000000 235.000000,178.000000 278.000000,184.000000 308.000000,233.000000 296.000000,256.000000 291.000000,264.000000 284.000000,331.000000 293.000000,346.000000 274.000000,338.000000 257.000000,339.000000 227.000000,303.000000 227.000000,297.000000 217.000000,285.000000 221.000000,279.000000 223.000000,264.000000 220.000000,251.000000 211.000000))
POLYGON(( 249.000000 212.000000,237.000000 218.000000,220.000000 215.000000,217.000000 221.000000,204.000000 227.000000,157.000000 231.000000,178.000000 280.000000,181.000000 304.000000,205.000000 305.000000,243.000000 294.000000,265.000000 284.000000,331.000000 285.000000,342.000000 277.000000,337.000000 241.000000,340.000000 231.000000,305.000000 225.000000,300.000000 215.000000,288.000000 215.000000,278.000000 224.000000,249.000000 212.000000))
POLYGON(( 249.000000 212.000000,237.000000 218.000000,220.000000 215.000000,217.000000 221.000000,204.000000 227.000000,157.000000 231.000000,178.000000 280.000000,181.000000 304.000000,205.000000 305.000000,243.000000 294.000000,265.000000 284.000000,331.000000 285.000000,342.000000 277.000000,337.000000 241.000000,340.000000 231.000000,305.000000 225.000000,300.000000 215.000000,288.000000 215.000000,278.000000 224.000000,249.000000 212.000000))
POLYGON(( 251.000000 211.000000,236.000000 218.000000,223.000000 218.000000,212.000000 228.000000,157.000000 235.000000,178.000000 278.000000,184.000000 308.000000,233.000000 296.000000,256.000000 291.000000,264.000000 284.000000,331.000000 293.000000,346.000000 274.000000,338.000000 257.000000,339.000000 227.000000,303.000000 227.000000,297.000000 217.000000,285.000000 221.000000,279.000000 223.000000,264.000000 220.000000,251.000000 211.000000))
POLYGON(( 247.000000 213.000000,235.000000 218.000000,219.000000 219.000000,211.000000 229.000000,158.000000 237.000000,179.000000 285.000000,186.000000 310.000000,251.000000 294.000000,264.000000 284.000000,287.000000 288.000000,330.000000 294.000000,342.000000 280.000000,338.000000 255.000000,340.000000 234.000000,306.000000 228.000000,298.000000 221.000000,287.000000 221.000000,281.000000 224.000000,247.000000 213.000000))
POLYGON(( 248.000000 210.000000,233.000000 219.000000,215.000000 224.000000,204.000000 229.000000,158.000000 240.000000,176.000000 276.000000,188.000000 311.000000,218.000000 311.000000,266.000000 282.000000,305.000000 296.000000,342.000000 282.000000,337.000000 258.000000,340.000000 237.000000,306.000000 230.000000,292.000000 219.000000,280.000000 226.000000,260.000000 217.000000,248.000000 210.000000))
POLYGON(( 248.000000 210.000000,226.000000 219.000000,211.000000 231.000000,157.000000 241.000000,177.000000 276.000000,191.000000 313.000000,200.000000 316.000000,246.000000 293.000000,259.000000 293.000000,264.000000 285.000000,278.000000 288.000000,314.000000 300.000000,341.000000 286.000000,335.000000 259.000000,340.000000 240.000000,302.000000 231.000000,298.000000 224.000000,283.000000 226.000000,248.000000 210.000000))
