250,250
1691,212
POLYGON(( 1774.000000 384.000000,1773.000000 385.000000,1811.000000 402.000000,1832.000000 396.000000,1823.000000 338.000000,1753.000000 327.000000,1782.000000 344.000000,1774.000000 384.000000))
POLYGON((1691 212 , 1691 455 , 1926 455 , 1926 212))
1
arbre 1
250,250
2487,1404
POLYGON(( 2569.000000 1577.000000,2570.000000 1579.000000,2624.000000 1597.000000,2620.000000 1533.000000,2551.000000 1521.000000,2578.000000 1537.000000,2569.000000 1577.000000))
POLYGON((2487 1404 , 2487 1647 , 2722 1647 , 2722 1404))
1
arbre 2
190,255
2176,528
POLYGON(( 2220.000000 740.000000,2316.000000 745.000000,2361.000000 701.000000,2352.000000 637.000000,2191.000000 627.000000,2178.000000 673.000000,2196.000000 719.000000,2220.000000 740.000000))
POLYGON((2176 528 , 2176 783 , 2365 783 , 2365 528))
1
arbre 3
210,280
1060,588
POLYGON(( 1107.000000 819.000000,1214.000000 819.000000,1259.000000 778.000000,1252.000000 703.000000,1073.000000 704.000000,1060.000000 744.000000,1084.000000 796.000000,1107.000000 819.000000))
POLYGON((1060 588 , 1060 865  , 1266 865 , 1266 588))
1
arbre 4
180,260
3474,1428
POLYGON(( 3517.000000 1620.000000,3548.000000 1636.000000,3591.000000 1622.000000,3642.000000 1588.000000,3629.000000 1523.000000,3504.000000 1518.000000,3480.000000 1551.000000,3494.000000 1592.000000,3517.000000 1620.000000))
POLYGON((3474 1428 , 3474 1681 , 3650 1681 , 3650 1428))
1
arbre 5 
206,253
1848,1646
POLYGON(( 1921.000000 1853.000000,1868.000000 1813.000000,1856.000000 1761.000000,1969.000000 1758.000000,1974.000000 1682.000000,2042.000000 1681.000000,2048.000000 1762.000000,2011.000000 1763.000000,2019.000000 1805.000000,1920.000000 1850.000000))
POLYGON((1848 1664 , 1848 1897 , 2025 1897 , 2025 1664))
1
arbre 6
140,280
3062,684
POLYGON(( 3102.000000 917.000000,3139.000000 913.000000,3155.000000 884.000000,3171.000000 831.000000,3075.000000 827.000000,3079.000000 873.000000,3093.000000 890.000000,3102.000000 917.000000))
POLYGON((3062 684 , 3062 641 , 3181 641 , 3181 684))
1
arbre 7
187,235
2807,1873
POLYGON(( 2867.000000 2058.000000,2891.000000 2062.000000,2918.000000 2053.000000,2988.000000 2020.000000,2941.000000 1963.000000,2853.000000 1967.000000,2810.000000 2019.000000,2867.000000 2058.000000))
POLYGON((2807 1873 , 2807 2108 , 2994 2108 , 2994 1873))
1
arbre 8
187,235
323,175
POLYGON(( 381.000000 361.000000,408.000000 365.000000,436.000000 353.000000,505.000000 324.000000,456.000000 266.000000,367.000000 269.000000,327.000000 323.000000,381.000000 361.000000))
POLYGON((323 175 , 323 410 , 510 410 , 510 175))
1
arbre 9
187,235
1243,1279
POLYGON(( 1300.000000 1465.000000,1328.000000 1468.000000,1354.000000 1459.000000,1424.000000 1425.000000,1376.000000 1371.000000,1285.000000 1373.000000,1248.000000 1426.000000,1300.000000 1465.000000))
POLYGON((1243 1279 , 1243 1514 , 1430 1514 , 1430 1279))
1
arbre A
3840,2160
0,0
POLYGON(( 992.000000 198.000000,444.000000 202.000000,514.000000 329.000000,471.000000 401.000000,477.000000 520.000000,518.000000 558.000000,517.000000 606.000000,480.000000 629.000000,464.000000 823.000000,321.000000 823.000000,312.000000 1011.000000,4.000000 1010.000000,8.000000 1219.000000,456.000000 1228.000000,607.000000 1167.000000,541.000000 1262.000000,515.000000 1349.000000,474.000000 1426.000000,357.000000 1589.000000,252.000000 1707.000000,172.000000 1774.000000,102.000000 1843.000000,2.000000 1904.000000,2.000000 2156.000000,1821.000000 2157.000000,1820.000000 2091.000000,1788.000000 2069.000000,1808.000000 2039.000000,1808.000000 1956.000000,1875.000000 1947.000000,1935.000000 1915.000000,2016.000000 1922.000000,2146.000000 1918.000000,2206.000000 1952.000000,2220.000000 2005.000000,2286.000000 2021.000000,2302.000000 2067.000000,2264.000000 2098.000000,2246.000000 2112.000000,2245.000000 2153.000000,2635.000000 2152.000000,2665.000000 2099.000000,2882.000000 2029.000000,3039.000000 1995.000000,3132.000000 1960.000000,3173.000000 1974.000000,3298.000000 1958.000000,3408.000000 1968.000000,3500.000000 1940.000000,3562.000000 1924.000000,3533.000000 1877.000000,3493.000000 1752.000000,3482.000000 1683.000000,3474.000000 1620.000000,3473.000000 1571.000000,3654.000000 1514.000000,3654.000000 1403.000000,3837.000000 1304.000000,3839.000000 1157.000000,3705.000000 1092.000000,3650.000000 1032.000000,3506.000000 857.000000,3509.000000 792.000000,3522.000000 737.000000,3467.000000 540.000000,3538.000000 503.000000,3560.000000 439.000000,3634.000000 390.000000,3644.000000 286.000000,3680.000000 268.000000,3678.000000 241.000000,3625.000000 247.000000,3489.000000 267.000000,3359.000000 350.000000,3201.000000 431.000000,3010.000000 495.000000,2963.000000 484.000000,2938.000000 467.000000,2914.000000 420.000000,2920.000000 362.000000,2787.000000 370.000000,2664.000000 349.000000,2541.000000 398.000000,2481.000000 376.000000,2451.000000 318.000000,2430.000000 309.000000,2402.000000 310.000000,2361.000000 318.000000,2317.000000 297.000000,2176.000000 181.000000,2154.000000 191.000000,2090.000000 218.000000,2000.000000 228.000000,1950.000000 216.000000,1773.000000 220.000000,1645.000000 210.000000,1444.000000 219.000000,1256.000000 196.000000,1236.000000 172.000000,1199.000000 4.000000,899.000000 5.000000,992.000000 198.000000) ( 0.000000 0.000000,0.000000 2159.000000,3840.000000 2159.000000,3840.000000 0.000000,0.000000 0.000000))
POLYGON((0,0))
1
corner
40,80
1068,411
POLYGON(( 1069.000000 459.000000,1070.000000 458.000000,1084.000000 465.000000,1098.000000 460.000000,1097.000000 443.000000,1070.000000 442.000000,1070.000000 457.000000 ,1069.000000 459.000000))
POLYGON(( 1069 420 ,1070 460 ,1083 464 ,1099 460 ,1099 420 ,1084 413 ,1068 420 ,1069 420))
1
divers1
45,55
1021,824
POLYGON(( 1029.000000 844.000000,1025.000000 856.000000,1049.000000 866.000000,1063.000000 855.000000,1058.000000 842.000000,1029.000000 845.000000 ,1029.000000 844.000000))
POLYGON(( 1044 826 ,1024 854 ,1028 863 ,1048 868 ,1064 855 ,1041 828 ,1044 826))
1
divers2
103,120
1165,908
POLYGON(( 1170.000000 992.000000,1168.000000 944.000000,1264.000000 946.000000,1263.000000 991.000000,1168.000000 992.000000 ,1170.000000 992.000000))
POLYGON(( 1175 910 ,1165 930 ,1168 989 ,1170 1003 ,1179 997 ,1182 992 ,1253 992 ,1257 1001 ,1264 999 ,1264 937 ,1256 912 ,1174 911 ,1175 910))
1
divers3
98,90
1469,905
POLYGON(( 1474.000000 937.000000,1505.000000 971.000000,1529.000000 959.000000,1538.000000 981.000000,1563.000000 968.000000,1538.000000 949.000000,1504.000000 919.000000,1475.000000 936.000000 ,1474.000000 937.000000))
POLYGON(( 1477 922 ,1473 942 ,1505 968 ,1529 958 ,1537 982 ,1561 973 ,1555 949 ,1547 937 ,1504 907 ,1477 922 ,1477 922))
1
divers4
105,110
1652,516
POLYGON(( 1656.000000 596.000000,1656.000000 555.000000,1751.000000 556.000000,1751.000000 597.000000,1654.000000 597.000000 ,1656.000000 596.000000))
POLYGON(( 1662 519 ,1654 542 ,1655 597 ,1660 612 ,1667 606 ,1672 599 ,1741 601 ,1747 610 ,1751 601 ,1751 547 ,1745 520 ,1660 519 ,1662 519))
1
divers5
40,80
2013,414
POLYGON(( 2015.000000 464.000000,2030.000000 469.000000,2049.000000 464.000000,2045.000000 438.000000,2015.000000 441.000000,2014.000000 463.000000 ,2015.000000 464.000000))
POLYGON(( 2016 423 ,2014 462 ,2029 468 ,2046 464 ,2044 425 ,2042 418 ,2023 415 ,2017 423 ,2016 423))
1
divers6
83,97
2353,951
POLYGON(( 2360.000000 1011.000000,2380.000000 1021.000000,2431.000000 1015.000000,2429.000000 982.000000,2397.000000 983.000000,2392.000000 1003.000000,2359.000000 1001.000000,2360.000000 1010.000000 ,2360.000000 1011.000000))
POLYGON(( 2376 979 ,2359 1007 ,2370 1024 ,2390 1017 ,2399 1025 ,2434 1025 ,2431 967 ,2428 954 ,2396 955 ,2397 973 ,2396 996 ,2373 978 ,2376 979))
1
divers7
118,104
2569,413
POLYGON(( 2576.000000 492.000000,2594.000000 499.000000,2614.000000 485.000000,2667.000000 486.000000,2681.000000 461.000000,2676.000000 449.000000,2629.000000 446.000000,2607.000000 430.000000,2578.000000 447.000000,2593.000000 460.000000,2577.000000 489.000000 ,2576.000000 492.000000))
POLYGON(( 2581 430 ,2577 448 ,2593 461 ,2577 486 ,2588 501 ,2611 494 ,2612 477 ,2626 470 ,2630 486 ,2653 490 ,2678 477 ,2672 436 ,2639 432 ,2632 438 ,2607 415 ,2579 430 ,2581 430))
1
divers8
77,110
3390,1013
POLYGON(( 3392.000000 1084.000000,3421.000000 1089.000000,3431.000000 1100.000000,3454.000000 1092.000000,3453.000000 1078.000000,3426.000000 1071.000000,3425.000000 1046.000000,3393.000000 1045.000000,3392.000000 1083.000000 ,3392.000000 1084.000000))
POLYGON(( 3396 1016 ,3394 1089 ,3424 1081 ,3422 1095 ,3437 1103 ,3455 1091 ,3445 1064 ,3438 1056 ,3430 1068 ,3427 1016 ,3397 1018 ,3396 1016))
1
divers9
105,115
1153,1216
POLYGON(( 1159.000000 1299.000000,1156.000000 1256.000000,1252.000000 1256.000000,1249.000000 1298.000000,1158.000000 1297.000000 ,1159.000000 1299.000000))
POLYGON(( 1163 1221 ,1154 1238 ,1158 1310 ,1166 1305 ,1174 1298 ,1238 1299 ,1248 1311 ,1252 1247 ,1245 1220 ,1161 1220 ,1163 1221))
1
diversA
72,80
1349,1502
POLYGON(( 1355.000000 1534.000000,1383.000000 1520.000000,1419.000000 1551.000000,1387.000000 1567.000000,1355.000000 1534.000000 ,1355.000000 1534.000000))
POLYGON(( 1356 1521 ,1355 1535 ,1386 1566 ,1417 1554 ,1415 1529 ,1384 1503 ,1353 1520 ,1356 1521))
1
diversB
40,80
1417,1559
POLYGON(( 1422.000000 1607.000000,1435.000000 1612.000000,1450.000000 1607.000000,1450.000000 1588.000000,1422.000000 1586.000000,1421.000000 1605.000000 ,1422.000000 1607.000000))
POLYGON(( 1423 1568 ,1421 1608 ,1437 1615 ,1453 1609 ,1450 1569 ,1442 1559 ,1420 1568 ,1423 1568))
1
diversC
110,111
1728,1212
POLYGON(( 1751.000000 1286.000000,1752.000000 1242.000000,1786.000000 1242.000000,1786.000000 1276.000000,1825.000000 1291.000000,1814.000000 1305.000000,1789.000000 1293.000000,1785.000000 1284.000000,1749.000000 1285.000000 ,1751.000000 1286.000000))
POLYGON(( 1752 1284 ,1786 1286 ,1801 1307 ,1820 1298 ,1821 1278 ,1804 1263 ,1790 1281 ,1786 1214 ,1755 1215 ,1751 1283 ,1752 1284))
1
diversD
60,80
2321,1452
POLYGON(( 2324.000000 1508.000000,2367.000000 1508.000000,2375.000000 1499.000000,2373.000000 1473.000000,2338.000000 1471.000000,2325.000000 1506.000000 ,2324.000000 1508.000000))
POLYGON(( 2322 1482 ,2327 1512 ,2365 1512 ,2377 1494 ,2368 1456 ,2331 1453 ,2322 1482 ,2322 1482))
1
diversE
100,90
2220,1254
POLYGON(( 2239.000000 1308.000000,2249.000000 1326.000000,2309.000000 1321.000000,2313.000000 1304.000000,2275.000000 1286.000000,2241.000000 1307.000000 ,2239.000000 1308.000000))
POLYGON(( 2253 1289 ,2238 1317 ,2249 1327 ,2273 1318 ,2282 1317 ,2297 1326 ,2314 1312 ,2302 1288 ,2295 1282 ,2274 1267 ,2253 1289))
1
diversF
107,80
2879,1790
POLYGON(( 2882.000000 1828.000000,2895.000000 1842.000000,2933.000000 1839.000000,2950.000000 1857.000000,2981.000000 1842.000000,2949.000000 1817.000000,2918.000000 1817.000000,2888.000000 1813.000000,2881.000000 1829.000000 ,2882.000000 1828.000000))
POLYGON(( 2897 1799 ,2880 1834 ,2895 1843 ,2916 1831 ,2948 1857 ,2980 1843 ,2978 1820 ,2947 1794 ,2918 1810 ,2915 1822 ,2896 1797 ,2897 1799))
1
diversG
105,115
2845,1268
POLYGON(( 2849.000000 1349.000000,2847.000000 1308.000000,2942.000000 1308.000000,2942.000000 1347.000000,2847.000000 1350.000000 ,2849.000000 1349.000000))
POLYGON(( 2855 1269 ,2848 1293 ,2850 1364 ,2866 1350 ,2929 1352 ,2940 1361 ,2944 1293 ,2936 1270 ,2854 1268 ,2855 1269))
1
diversH
105,115
3361,1832
POLYGON(( 3365.000000 1915.000000,3363.000000 1872.000000,3459.000000 1873.000000,3458.000000 1915.000000,3363.000000 1913.000000 ,3365.000000 1915.000000))
POLYGON(( 3369 1834 ,3364 1858 ,3365 1927 ,3379 1916 ,3444 1916 ,3458 1923 ,3459 1857 ,3452 1833 ,3368 1837 ,3369 1834))
1
diversI
360,630
2997,1339
POLYGON(( 3003.000000 1715.000000,3335.000000 1719.000000,3335.000000 1900.000000,2999.000000 1898.000000,3003.000000 1715.000000))
POLYGON((2997 1339 , 2997 1965 , 3349 1965 , 3349 1339))
1
immeuble
420,360
3203,352
POLYGON(( 3233.000000 657.000000,3204.000000 583.000000,3210.000000 494.000000,3608.000000 499.000000,3609.000000 580.000000,3586.000000 658.000000,3233.000000 657.000000))
POLYGON((3203 352 , 3203 698 , 3612 698 , 3612 352))
1
maison1
260,400
2024,141
POLYGON(( 2073.000000 506.000000,2240.000000 504.000000,2262.000000 406.000000,2262.000000 315.000000,2052.000000 318.000000,2057.000000 404.000000,2073.000000 506.000000))
POLYGON((2024 141 , 2024 537 , 2284 537 , 2284 141))
1
maison2
409,360
668,170
POLYGON(( 696.000000 477.000000,668.000000 403.000000,672.000000 299.000000,1067.000000 317.000000,1071.000000 399.000000,1051.000000 475.000000,696.000000 477.000000))
POLYGON((668 170 , 668 523 , 1076 526 , 1076 176))
1
maison3
280,430
187,440
POLYGON(( 237.000000 803.000000,218.000000 699.000000,216.000000 604.000000,424.000000 610.000000,423.000000 705.000000,403.000000 802.000000,237.000000 803.000000))
POLYGON((187 440 , 187 854 , 447 854 , 447 440))
1
maison4
350,370
1446,1297
POLYGON(( 1471.000000 1620.000000,1456.000000 1488.000000,1457.000000 1400.000000,1782.000000 1405.000000,1783.000000 1489.000000,1787.000000 1616.000000,1471.000000 1620.000000))
POLYGON((1446 1297 , 1446 1665 , 1790 1665 , 1790 1297))
1
maison5
433,370
2422,716
POLYGON(( 2438.000000 1025.000000,2429.000000 908.000000,2447.000000 809.000000,2821.000000 808.000000,2842.000000 901.000000,2846.000000 1026.000000,2438.000000 1025.000000))
POLYGON((2422 716 , 2422 1080 , 2851 1080 , 2851 716))
1
maison6
3840,2160
0,0
POLYGON(( 597.000000 1186.000000,558.000000 1230.000000,512.000000 1364.000000,448.000000 1457.000000,396.000000 1536.000000,331.000000 1623.000000,247.000000 1706.000000,170.000000 1780.000000,130.000000 1825.000000,0.000000 1900.000000,-1.000000 2161.000000,1807.000000 2160.000000,1817.000000 2086.000000,1784.000000 2062.000000,1815.000000 2032.000000,1811.000000 1985.000000,1773.000000 1886.000000,1716.000000 1784.000000,1623.000000 1716.000000,1510.000000 1680.000000,1352.000000 1590.000000,1294.000000 1553.000000,1203.000000 1533.000000,1056.000000 1295.000000,914.000000 1189.000000,773.000000 1164.000000,669.000000 1171.000000,597.000000 1186.000000))
POLYGON((0,0))
0
water