POLYGON(( 252.000000 211.000000,214.000000 227.000000,195.000000 225.000000,195.000000 232.000000,157.000000 241.000000,165.000000 260.000000,157.000000 286.000000,171.000000 297.000000,201.000000 297.000000,232.000000 287.000000,247.000000 291.000000,307.000000 314.000000,323.000000 276.000000,341.000000 241.000000,302.000000 232.000000,275.000000 224.000000,252.000000 211.000000))
POLYGON(( 250.000000 209.000000,219.000000 229.000000,199.000000 220.000000,197.000000 231.000000,159.000000 237.000000,163.000000 264.000000,155.000000 285.000000,170.000000 290.000000,193.000000 294.000000,236.000000 282.000000,313.000000 312.000000,325.000000 271.000000,344.000000 241.000000,286.000000 228.000000,250.000000 209.000000))
POLYGON(( 254.000000 211.000000,219.000000 225.000000,199.000000 220.000000,196.000000 227.000000,160.000000 235.000000,166.000000 259.000000,155.000000 279.000000,173.000000 294.000000,239.000000 285.000000,318.000000 312.000000,327.000000 273.000000,344.000000 235.000000,306.000000 230.000000,286.000000 228.000000,276.000000 216.000000,264.000000 218.000000,254.000000 211.000000))
POLYGON(( 256.000000 212.000000,225.000000 224.000000,210.000000 217.000000,201.000000 227.000000,166.000000 230.000000,167.000000 253.000000,158.000000 275.000000,178.000000 293.000000,241.000000 283.000000,261.000000 294.000000,323.000000 307.000000,330.000000 275.000000,349.000000 233.000000,311.000000 230.000000,292.000000 224.000000,279.000000 216.000000,270.000000 219.000000,256.000000 212.000000))
POLYGON(( 254.000000 211.000000,224.000000 224.000000,209.000000 215.000000,199.000000 224.000000,164.000000 227.000000,169.000000 247.000000,155.000000 273.000000,172.000000 287.000000,235.000000 288.000000,323.000000 307.000000,333.000000 264.000000,345.000000 231.000000,313.000000 232.000000,291.000000 224.000000,278.000000 214.000000,265.000000 217.000000,254.000000 211.000000))
POLYGON(( 254.000000 211.000000,224.000000 224.000000,209.000000 215.000000,199.000000 224.000000,164.000000 227.000000,169.000000 247.000000,155.000000 273.000000,172.000000 287.000000,235.000000 288.000000,323.000000 307.000000,333.000000 264.000000,345.000000 231.000000,313.000000 232.000000,291.000000 224.000000,278.000000 214.000000,265.000000 217.000000,254.000000 211.000000))
POLYGON(( 256.000000 212.000000,225.000000 224.000000,210.000000 217.000000,201.000000 227.000000,166.000000 230.000000,167.000000 253.000000,158.000000 275.000000,178.000000 293.000000,241.000000 283.000000,261.000000 294.000000,323.000000 307.000000,330.000000 275.000000,349.000000 233.000000,311.000000 230.000000,292.000000 224.000000,279.000000 216.000000,270.000000 219.000000,256.000000 212.000000))
POLYGON(( 254.000000 211.000000,219.000000 225.000000,199.000000 220.000000,196.000000 227.000000,160.000000 235.000000,166.000000 259.000000,155.000000 279.000000,173.000000 294.000000,239.000000 285.000000,318.000000 312.000000,327.000000 273.000000,344.000000 235.000000,306.000000 230.000000,286.000000 228.000000,276.000000 216.000000,264.000000 218.000000,254.000000 211.000000))
POLYGON(( 250.000000 209.000000,219.000000 229.000000,199.000000 220.000000,197.000000 231.000000,159.000000 237.000000,163.000000 264.000000,155.000000 285.000000,170.000000 290.000000,193.000000 294.000000,236.000000 282.000000,313.000000 312.000000,325.000000 271.000000,344.000000 241.000000,286.000000 228.000000,250.000000 209.000000))
POLYGON(( 252.000000 211.000000,214.000000 227.000000,195.000000 225.000000,195.000000 232.000000,157.000000 241.000000,165.000000 260.000000,157.000000 286.000000,171.000000 297.000000,201.000000 297.000000,232.000000 287.000000,247.000000 291.000000,307.000000 314.000000,323.000000 276.000000,341.000000 241.000000,302.000000 232.000000,275.000000 224.000000,252.000000 211.000000))
