POLYGON(( 250.000000 209.000000,233.000000 221.000000,221.000000 225.000000,208.000000 214.000000,195.000000 217.000000,193.000000 234.000000,173.000000 235.000000,156.000000 240.000000,162.000000 261.000000,156.000000 285.000000,163.000000 289.000000,173.000000 298.000000,206.000000 295.000000,227.000000 285.000000,233.000000 300.000000,248.000000 292.000000,269.000000 301.000000,299.000000 311.000000,313.000000 311.000000,328.000000 272.000000,344.000000 240.000000,307.000000 233.000000,289.000000 228.000000,279.000000 210.000000,265.000000 206.000000,262.000000 219.000000,250.000000 209.000000))
POLYGON(( 251.000000 209.000000,221.000000 224.000000,205.000000 213.000000,193.000000 231.000000,160.000000 237.000000,162.000000 262.000000,154.000000 286.000000,164.000000 289.000000,174.000000 298.000000,197.000000 297.000000,223.000000 287.000000,236.000000 305.000000,245.000000 298.000000,248.000000 292.000000,288.000000 311.000000,309.000000 310.000000,318.000000 302.000000,323.000000 283.000000,344.000000 238.000000,321.000000 240.000000,289.000000 230.000000,286.000000 216.000000,270.000000 207.000000,262.000000 216.000000,251.000000 209.000000))
POLYGON(( 252.000000 211.000000,244.000000 218.000000,224.000000 223.000000,209.000000 214.000000,201.000000 215.000000,198.000000 230.000000,161.000000 234.000000,165.000000 252.000000,158.000000 280.000000,167.000000 287.000000,174.000000 295.000000,216.000000 288.000000,229.000000 287.000000,238.000000 305.000000,248.000000 297.000000,255.000000 293.000000,316.000000 309.000000,326.000000 280.000000,343.000000 236.000000,310.000000 231.000000,292.000000 229.000000,282.000000 212.000000,262.000000 211.000000,263.000000 221.000000,252.000000 211.000000))
POLYGON(( 257.000000 211.000000,247.000000 218.000000,231.000000 223.000000,216.000000 209.000000,208.000000 210.000000,203.000000 227.000000,165.000000 230.000000,168.000000 254.000000,158.000000 277.000000,172.000000 288.000000,216.000000 289.000000,232.000000 286.000000,242.000000 301.000000,256.000000 291.000000,323.000000 309.000000,330.000000 278.000000,349.000000 233.000000,311.000000 227.000000,297.000000 224.000000,284.000000 210.000000,269.000000 205.000000,268.000000 222.000000,257.000000 211.000000))
POLYGON(( 253.000000 211.000000,240.000000 222.000000,228.000000 222.000000,220.000000 212.000000,208.000000 208.000000,202.000000 220.000000,203.000000 229.000000,165.000000 228.000000,166.000000 247.000000,155.000000 274.000000,172.000000 289.000000,212.000000 289.000000,229.000000 286.000000,242.000000 305.000000,256.000000 295.000000,325.000000 307.000000,331.000000 270.000000,344.000000 231.000000,314.000000 231.000000,291.000000 223.000000,281.000000 208.000000,263.000000 208.000000,264.000000 218.000000,253.000000 211.000000))
POLYGON(( 253.000000 211.000000,240.000000 222.000000,228.000000 222.000000,220.000000 212.000000,208.000000 208.000000,202.000000 220.000000,203.000000 229.000000,165.000000 228.000000,166.000000 247.000000,155.000000 274.000000,172.000000 289.000000,212.000000 289.000000,229.000000 286.000000,242.000000 305.000000,256.000000 295.000000,325.000000 307.000000,331.000000 270.000000,344.000000 231.000000,314.000000 231.000000,291.000000 223.000000,281.000000 208.000000,263.000000 208.000000,264.000000 218.000000,253.000000 211.000000))
POLYGON(( 257.000000 211.000000,247.000000 218.000000,231.000000 223.000000,216.000000 209.000000,208.000000 210.000000,203.000000 227.000000,165.000000 230.000000,168.000000 254.000000,158.000000 277.000000,172.000000 288.000000,216.000000 289.000000,232.000000 286.000000,242.000000 301.000000,256.000000 291.000000,323.000000 309.000000,330.000000 278.000000,349.000000 233.000000,311.000000 227.000000,297.000000 224.000000,284.000000 210.000000,269.000000 205.000000,268.000000 222.000000,257.000000 211.000000))
POLYGON(( 252.000000 211.000000,244.000000 218.000000,224.000000 223.000000,209.000000 214.000000,201.000000 215.000000,198.000000 230.000000,161.000000 234.000000,165.000000 252.000000,158.000000 280.000000,167.000000 287.000000,174.000000 295.000000,216.000000 288.000000,229.000000 287.000000,238.000000 305.000000,248.000000 297.000000,255.000000 293.000000,316.000000 309.000000,326.000000 280.000000,343.000000 236.000000,310.000000 231.000000,292.000000 229.000000,282.000000 212.000000,262.000000 211.000000,263.000000 221.000000,252.000000 211.000000))
POLYGON(( 251.000000 209.000000,221.000000 224.000000,205.000000 213.000000,193.000000 231.000000,160.000000 237.000000,162.000000 262.000000,154.000000 286.000000,164.000000 289.000000,174.000000 298.000000,197.000000 297.000000,223.000000 287.000000,236.000000 305.000000,245.000000 298.000000,248.000000 292.000000,288.000000 311.000000,309.000000 310.000000,318.000000 302.000000,323.000000 283.000000,344.000000 238.000000,321.000000 240.000000,289.000000 230.000000,286.000000 216.000000,270.000000 207.000000,262.000000 216.000000,251.000000 209.000000))
POLYGON(( 250.000000 209.000000,233.000000 221.000000,221.000000 225.000000,208.000000 214.000000,195.000000 217.000000,193.000000 234.000000,173.000000 235.000000,156.000000 240.000000,162.000000 261.000000,156.000000 285.000000,163.000000 289.000000,173.000000 298.000000,206.000000 295.000000,227.000000 285.000000,233.000000 300.000000,248.000000 292.000000,269.000000 301.000000,299.000000 311.000000,313.000000 311.000000,328.000000 272.000000,344.000000 240.000000,307.000000 233.000000,289.000000 228.000000,279.000000 210.000000,265.000000 206.000000,262.000000 219.000000,250.000000 209.000000))
